    unsorted:	 2.675155021 3.142864508 3.318292275 2.168952013 2.041506548 1.688581604 1.069003995 4.236569174 0.5656188420 0.3166511442 0.09138436500 5.007023983 5.746410054 8.733565323 8.775956338 8.100859693 7.084312710 9.363847234 10.42190679 10.69365409 11.75740954 13.18243579 19.99050562 31.01338023 37.83940681 39.20673481 43.64550005 45.39408142 48.07417353 50.06026893 56.13689559 60.61482247 73.19161501 103.5311968 149.8758418 147.0967493 153.5899702 136.2315810 122.2341365 158.2361724 165.1614797 169.0065361 179.6839139 183.1830566 231.3049507 230.9825531 230.8040304 230.2692009 232.0737568 233.3408038 228.3686453 241.0079214 249.2023499 261.4613922 263.1511921 305.4197832 324.1987901 343.8114172 354.7690333 371.1139224 412.1439197 800.6997325 1381.724436 3667.790802 5423.917153
      sorted:	 0.09138436500 0.3166511442 0.5656188420 1.069003995 1.688581604 2.041506548 2.168952013 2.675155021 3.142864508 3.318292275 4.236569174 5.007023983 5.746410054 7.084312710 8.100859693 8.733565323 8.775956338 9.363847234 10.42190679 10.69365409 11.75740954 13.18243579 19.99050562 31.01338023 37.83940681 39.20673481 43.64550005 45.39408142 48.07417353 50.06026893 56.13689559 60.61482247 73.19161501 103.5311968 122.2341365 136.2315810 147.0967493 149.8758418 153.5899702 158.2361724 165.1614797 169.0065361 179.6839139 183.1830566 228.3686453 230.2692009 230.8040304 230.9825531 231.3049507 232.0737568 233.3408038 241.0079214 249.2023499 261.4613922 263.1511921 305.4197832 324.1987901 343.8114172 354.7690333 371.1139224 412.1439197 800.6997325 1381.724436 3667.790802 5423.917153
